64 64
32 16
-29 -20 -59 39 -39 -121 117 -86 -58 -87 8 71 66 70 -81 126 63 0 0 0 0 0 0 0 0 0 0 0 0 0 0 0 0 0 0 0 0 0 0 0 0 0 0 0 0 0 0 0 0 0 0 0 0 0 0 0 0 0 0 0 0 0 0 0 
56 17 -16 62 28 -87 -29 -70 110 -121 -38 1 -99 -91 70 86 66 60 0 0 0 0 0 0 0 0 0 0 0 0 0 0 0 0 0 0 0 0 0 0 0 0 0 0 0 0 0 0 0 0 0 0 0 0 0 0 0 0 0 0 0 0 0 0 
-32 -36 -77 10 -47 37 -47 -71 -97 110 -62 95 26 -15 12 1 111 -96 -49 0 0 0 0 0 0 0 0 0 0 0 0 0 0 0 0 0 0 0 0 0 0 0 0 0 0 0 0 0 0 0 0 0 0 0 0 0 0 0 0 0 0 0 0 0 
-72 87 25 -103 44 46 -114 -60 -15 -56 -19 -80 56 -84 -11 -35 40 125 8 102 0 0 0 0 0 0 0 0 0 0 0 0 0 0 0 0 0 0 0 0 0 0 0 0 0 0 0 0 0 0 0 0 0 0 0 0 0 0 0 0 0 0 0 0 
-36 -120 -11 92 -113 -99 63 51 -97 -59 -101 -119 84 93 -14 85 89 17 113 82 88 0 0 0 0 0 0 0 0 0 0 0 0 0 0 0 0 0 0 0 0 0 0 0 0 0 0 0 0 0 0 0 0 0 0 0 0 0 0 0 0 0 0 0 
-77 109 -45 12 -20 100 -25 -88 -40 115 112 -100 -63 44 31 -40 -71 -108 114 -71 25 -71 0 0 0 0 0 0 0 0 0 0 0 0 0 0 0 0 0 0 0 0 0 0 0 0 0 0 0 0 0 0 0 0 0 0 0 0 0 0 0 0 0 0 
-9 124 -66 111 47 108 10 20 -48 44 111 57 -84 26 75 85 47 66 -86 0 -80 121 117 0 0 0 0 0 0 0 0 0 0 0 0 0 0 0 0 0 0 0 0 0 0 0 0 0 0 0 0 0 0 0 0 0 0 0 0 0 0 0 0 0 
-120 -62 103 -24 -50 -4 87 41 10 32 38 -123 -72 94 67 -80 55 -73 -4 -118 -3 106 5 111 0 0 0 0 0 0 0 0 0 0 0 0 0 0 0 0 0 0 0 0 0 0 0 0 0 0 0 0 0 0 0 0 0 0 0 0 0 0 0 0 
110 94 -36 89 42 -29 61 100 -26 21 96 83 48 -56 60 -60 60 -11 36 -63 80 -122 -56 -126 96 0 0 0 0 0 0 0 0 0 0 0 0 0 0 0 0 0 0 0 0 0 0 0 0 0 0 0 0 0 0 0 0 0 0 0 0 0 0 0 
-119 -16 28 8 39 -107 88 -80 -19 30 35 -89 -31 88 123 -114 -108 -119 98 78 -90 76 95 10 68 9 0 0 0 0 0 0 0 0 0 0 0 0 0 0 0 0 0 0 0 0 0 0 0 0 0 0 0 0 0 0 0 0 0 0 0 0 0 0 
-25 29 77 115 104 57 -21 -46 122 -32 89 7 35 90 119 -2 45 107 15 -63 -28 -37 -16 -35 111 -21 -26 0 0 0 0 0 0 0 0 0 0 0 0 0 0 0 0 0 0 0 0 0 0 0 0 0 0 0 0 0 0 0 0 0 0 0 0 0 
-106 34 -6 66 37 -42 -73 -124 22 -68 88 33 -89 109 27 30 38 85 -58 67 24 -108 -35 62 -105 -71 91 -104 0 0 0 0 0 0 0 0 0 0 0 0 0 0 0 0 0 0 0 0 0 0 0 0 0 0 0 0 0 0 0 0 0 0 0 0 
-100 -18 110 124 3 -12 -97 120 -18 -64 -71 36 -122 87 68 63 24 22 10 -76 -14 112 -53 -111 -108 -71 -48 -88 -109 0 0 0 0 0 0 0 0 0 0 0 0 0 0 0 0 0 0 0 0 0 0 0 0 0 0 0 0 0 0 0 0 0 0 0 
16 -104 -27 -27 -99 47 -48 82 -63 -82 -115 -2 -56 -108 -98 89 -26 123 114 5 -43 -40 28 -18 -103 39 -67 -51 3 -16 0 0 0 0 0 0 0 0 0 0 0 0 0 0 0 0 0 0 0 0 0 0 0 0 0 0 0 0 0 0 0 0 0 0 
-117 -56 82 55 62 124 -66 -74 -102 32 -77 97 -78 -105 -109 16 -39 118 34 95 92 52 123 -45 -24 -50 -89 63 19 -77 -70 0 0 0 0 0 0 0 0 0 0 0 0 0 0 0 0 0 0 0 0 0 0 0 0 0 0 0 0 0 0 0 0 0 
-86 -84 -14 -11 -12 -56 12 -46 -40 -32 -40 -80 21 66 45 -33 118 -69 27 -81 88 3 81 67 30 82 17 -45 80 41 -117 54 0 0 0 0 0 0 0 0 0 0 0 0 0 0 0 0 0 0 0 0 0 0 0 0 0 0 0 0 0 0 0 0 
-114 23 -18 -95 105 100 -91 91 -78 35 39 104 34 -88 120 44 23 72 -119 -3 -126 -70 -18 -9 -15 -116 33 -30 -122 -64 54 -36 -89 0 0 0 0 0 0 0 0 0 0 0 0 0 0 0 0 0 0 0 0 0 0 0 0 0 0 0 0 0 0 0 
41 118 -55 105 -42 -120 -69 -8 -76 -39 -45 39 99 -20 -41 -35 -69 23 126 -69 -106 -43 -126 6 24 64 -82 -121 69 -81 -100 60 -102 -37 0 0 0 0 0 0 0 0 0 0 0 0 0 0 0 0 0 0 0 0 0 0 0 0 0 0 0 0 0 0 
-75 37 30 50 -53 58 127 52 -88 86 114 -58 -85 -116 -61 15 -5 -10 47 -55 -14 -35 -1 -49 1 -26 -44 104 -84 -75 -123 -42 84 71 -17 0 0 0 0 0 0 0 0 0 0 0 0 0 0 0 0 0 0 0 0 0 0 0 0 0 0 0 0 0 
30 -112 101 -80 -46 -70 -30 -4 1 -1 44 -31 -83 63 -55 -1 47 36 -70 71 -75 62 -30 61 30 34 115 103 43 41 -85 -62 -102 -111 70 -84 0 0 0 0 0 0 0 0 0 0 0 0 0 0 0 0 0 0 0 0 0 0 0 0 0 0 0 0 
-37 108 24 127 -106 110 -79 -68 81 110 -77 -55 105 -99 31 -53 57 -23 6 60 -125 40 33 78 -69 40 106 -83 -67 40 -96 95 110 -49 59 -61 95 0 0 0 0 0 0 0 0 0 0 0 0 0 0 0 0 0 0 0 0 0 0 0 0 0 0 0 
-19 -116 -46 106 -28 -32 17 -69 -112 -94 37 15 -17 50 72 -100 122 44 86 82 111 -67 -31 53 -1 -80 50 -87 -59 -36 9 17 103 7 -47 -34 13 -24 0 0 0 0 0 0 0 0 0 0 0 0 0 0 0 0 0 0 0 0 0 0 0 0 0 0 
71 -113 120 -69 52 -108 11 5 7 -21 -1 -91 -30 44 -90 -85 66 -7 -9 -53 99 -95 21 -93 -101 115 30 -64 51 -60 -126 46 51 78 16 -27 -116 46 40 0 0 0 0 0 0 0 0 0 0 0 0 0 0 0 0 0 0 0 0 0 0 0 0 0 
23 -49 -106 7 31 -42 9 -122 59 -120 110 -83 83 67 -38 104 -111 -107 -95 84 -54 -1 -25 -1 65 -125 83 -4 -15 -68 37 116 19 89 -10 14 -72 73 68 58 0 0 0 0 0 0 0 0 0 0 0 0 0 0 0 0 0 0 0 0 0 0 0 0 
-11 -90 77 53 -96 16 -5 -113 76 52 93 -80 -31 125 -38 -126 -34 55 -16 -29 -10 58 -67 19 -104 52 114 10 124 -9 -75 -12 126 58 54 88 -81 11 120 88 100 0 0 0 0 0 0 0 0 0 0 0 0 0 0 0 0 0 0 0 0 0 0 0 
48 51 -111 -33 68 -53 -106 84 38 -82 -48 -117 28 84 122 -72 20 -53 -62 81 -44 -101 22 -46 47 85 38 64 -39 1 -118 55 -108 -70 -62 26 -1 -90 -52 -106 -77 38 0 0 0 0 0 0 0 0 0 0 0 0 0 0 0 0 0 0 0 0 0 0 
67 -7 63 -30 -14 30 4 50 -17 7 18 66 1 -110 45 -83 -116 -71 -96 84 47 -67 11 -24 -110 25 54 -32 -106 -109 -24 5 -27 4 -60 36 50 84 51 -81 -51 -73 -33 0 0 0 0 0 0 0 0 0 0 0 0 0 0 0 0 0 0 0 0 0 
-36 -122 27 -46 -47 -47 -75 -25 -83 -102 -99 -70 -63 9 -24 -45 124 -67 52 9 33 -104 -31 -120 75 74 -37 33 -36 -35 -128 53 -34 -29 39 -22 -88 100 -49 119 67 106 -49 -78 0 0 0 0 0 0 0 0 0 0 0 0 0 0 0 0 0 0 0 0 
46 85 -58 -114 105 -39 -118 -125 20 -103 -60 -87 4 -87 85 -14 45 21 71 -15 90 -88 51 123 63 65 33 88 -85 38 70 -11 -33 127 22 82 -69 -110 109 -98 -27 -49 -81 -103 51 0 0 0 0 0 0 0 0 0 0 0 0 0 0 0 0 0 0 0 
-79 -22 -83 -9 -42 -14 77 -124 125 94 -39 117 123 65 25 -116 7 118 -66 126 7 86 -81 81 100 9 67 -51 -11 78 -73 31 45 67 62 95 -106 -73 -120 46 -18 -63 89 83 -64 -6 0 0 0 0 0 0 0 0 0 0 0 0 0 0 0 0 0 0 
-84 -41 53 -6 6 8 31 -95 125 16 -33 28 14 -72 -122 -59 -117 115 38 13 -64 -12 26 14 57 84 -100 73 60 -11 90 67 -97 23 -106 -116 -68 -95 -43 120 -13 -39 -76 -118 -23 87 -48 0 0 0 0 0 0 0 0 0 0 0 0 0 0 0 0 0 
81 -115 -21 46 -98 11 100 70 123 90 68 26 97 -24 6 -120 114 -59 -81 85 -123 86 41 -54 40 101 -26 53 61 -84 -56 -122 14 64 -86 -55 -70 -122 34 104 74 -16 -90 21 -87 0 91 -7 0 0 0 0 0 0 0 0 0 0 0 0 0 0 0 0 
-122 65 114 29 -30 -10 96 16 -101 65 23 -63 77 13 14 -3 -30 -59 82 34 -64 21 4 127 65 50 43 68 -14 -16 -12 31 -54 125 -12 -77 -29 -60 -69 125 103 -122 -9 -17 -65 23 125 -18 -8 0 0 0 0 0 0 0 0 0 0 0 0 0 0 0 
0 45 77 80 -95 -83 -66 -101 -113 123 14 -35 -18 -65 30 4 108 75 -5 -75 112 -23 22 -93 -124 -65 42 -20 20 76 17 31 -77 53 105 61 -1 -97 -114 -119 -3 105 -110 -39 -45 25 107 -46 115 27 0 0 0 0 0 0 0 0 0 0 0 0 0 0 
0 0 -95 -4 76 -80 41 -37 11 -103 -25 -46 -97 92 44 79 -128 94 -15 27 61 47 75 -89 68 75 91 84 126 14 106 -34 -89 -13 -48 -120 1 -99 76 -125 50 28 -29 21 84 20 42 108 -102 -114 108 0 0 0 0 0 0 0 0 0 0 0 0 0 
0 0 0 80 82 -97 88 11 110 -44 100 -4 29 57 29 49 18 -104 -27 -116 63 111 -118 -114 53 122 117 79 90 72 68 -85 34 66 20 -14 -26 114 -61 -56 -118 -115 -71 54 -70 -92 -85 -96 -81 43 -20 -90 0 0 0 0 0 0 0 0 0 0 0 0 
0 0 0 0 -22 98 -31 21 83 -121 35 74 66 -27 -52 58 78 -118 -67 70 58 91 84 -2 -74 -21 -125 -64 127 75 -10 -1 -70 16 -29 121 34 116 -4 16 -83 -8 -52 16 84 -71 -93 32 123 59 -61 101 -122 0 0 0 0 0 0 0 0 0 0 0 
0 0 0 0 0 -103 114 21 99 108 79 -49 13 84 68 117 47 -13 87 -62 123 -13 -48 31 -2 -55 -80 -33 40 8 83 -85 -47 71 92 58 -63 -30 -50 64 89 -111 64 30 -87 -44 74 -100 25 -98 51 -47 -42 -96 0 0 0 0 0 0 0 0 0 0 
0 0 0 0 0 0 -30 93 9 83 99 97 -48 -27 -58 -80 -107 113 -108 102 -73 -91 46 -13 -37 10 96 78 36 -118 -68 66 125 95 34 -112 -14 78 -71 -70 -92 105 -87 109 76 37 111 18 -112 2 -15 -120 -45 -63 -106 0 0 0 0 0 0 0 0 0 
0 0 0 0 0 0 0 -60 -44 62 98 -55 103 -52 -73 68 -58 102 -91 -27 -63 -13 -63 72 -60 -57 -4 100 -4 69 -72 25 -119 -28 89 -16 -16 7 31 33 -103 16 86 56 -59 21 32 43 -78 -45 59 108 -116 -56 -3 -123 0 0 0 0 0 0 0 0 
0 0 0 0 0 0 0 0 -72 -5 -111 -23 -103 -87 -10 -55 87 109 -85 -78 80 -113 54 114 -33 -118 -49 -24 -22 65 95 97 -123 -18 37 -11 8 -29 115 67 -70 108 -75 -44 15 104 -41 11 65 -59 59 114 -37 -8 0 70 47 0 0 0 0 0 0 0 
0 0 0 0 0 0 0 0 0 -26 56 -118 -6 12 -126 -43 53 77 79 -30 -125 -4 127 -23 7 86 109 118 99 88 83 96 61 -17 -82 -59 38 -91 83 103 4 30 83 -105 -125 -28 92 0 102 -42 -102 62 58 6 -93 110 10 -111 0 0 0 0 0 0 
0 0 0 0 0 0 0 0 0 0 -51 -61 -37 -108 63 -110 13 -99 -109 57 26 -47 -75 116 -71 59 58 12 -43 43 48 81 61 44 67 -80 -59 -56 -42 45 -105 -58 6 86 -94 89 39 -45 -122 6 -88 -10 4 40 -7 -21 -116 -63 32 0 0 0 0 0 
0 0 0 0 0 0 0 0 0 0 0 -21 57 -49 -93 -14 -71 -94 58 -93 58 97 -94 -123 1 54 -113 124 -99 50 42 -93 -36 -92 -65 54 11 3 -2 51 -45 93 -66 -96 104 118 -68 43 43 10 -36 0 -80 -24 87 43 -77 121 124 11 0 0 0 0 
0 0 0 0 0 0 0 0 0 0 0 0 55 83 40 -89 -108 112 19 -122 107 74 -93 -89 58 33 -105 97 113 52 2 2 70 -110 72 36 -22 -102 -119 -89 -19 -40 63 -67 -83 2 40 96 93 -58 -40 -49 87 -34 -79 124 -126 112 -87 81 -56 0 0 0 
0 0 0 0 0 0 0 0 0 0 0 0 0 113 -80 108 8 5 -19 -96 25 70 -21 109 48 33 103 114 -116 -122 72 123 -14 -42 63 29 -8 82 -100 -48 -105 95 102 101 122 -99 -109 -91 -9 104 -49 34 72 86 33 45 -120 -85 -102 -75 -92 59 0 0 
0 0 0 0 0 0 0 0 0 0 0 0 0 0 104 -95 -45 -41 44 -97 -55 97 -39 41 71 -47 83 3 101 -31 -125 -15 96 -31 55 -33 -71 15 108 83 125 11 -84 -64 42 127 38 -111 -48 -95 -14 -20 -127 -85 29 -53 -124 -61 82 -119 -20 -96 -25 0 
0 0 0 0 0 0 0 0 0 0 0 0 0 0 0 32 8 -2 61 109 77 -82 71 60 -7 -104 -13 37 -84 10 118 2 -61 59 118 7 50 85 69 94 -128 35 35 -23 111 98 52 30 -73 62 101 104 -32 19 49 -57 17 -44 -87 -18 -43 -21 -52 3 
0 0 0 0 0 0 0 0 0 0 0 0 0 0 0 0 -128 39 79 -18 75 100 -2 -30 -98 -20 -112 -120 20 -96 -37 -80 -18 10 -13 122 -117 -63 -76 36 -7 -103 39 118 105 -117 24 21 96 20 22 41 -97 109 37 1 0 88 115 -116 60 96 103 52 
0 0 0 0 0 0 0 0 0 0 0 0 0 0 0 0 0 -89 -5 36 99 65 4 -50 55 81 -59 -28 37 74 -37 20 27 45 62 113 -121 -23 -112 109 37 -50 28 103 -31 23 78 -34 -41 119 -80 107 124 -111 45 120 101 -58 25 -35 -57 -85 114 77 
0 0 0 0 0 0 0 0 0 0 0 0 0 0 0 0 0 0 75 83 -21 112 109 -128 -1 16 23 -36 46 61 -24 -106 -104 -69 89 109 -97 3 73 37 -78 61 66 -34 9 -101 97 -103 -98 -9 61 -82 112 -51 124 -121 -53 -76 -105 105 8 116 114 25 
0 0 0 0 0 0 0 0 0 0 0 0 0 0 0 0 0 0 0 121 -125 97 16 120 -123 29 93 -106 -10 -74 40 53 -103 -113 -45 36 90 33 40 8 -125 -24 124 90 -122 -53 -125 -83 104 -127 17 -27 -80 -18 33 50 -128 53 -66 -95 -4 -74 8 10 
0 0 0 0 0 0 0 0 0 0 0 0 0 0 0 0 0 0 0 0 32 -115 33 -108 -79 90 -111 -3 60 25 -43 -72 115 -25 49 82 -69 -104 51 111 92 -40 78 -94 -126 7 57 96 49 -74 -18 57 40 -30 36 121 -27 75 -97 -84 -10 42 14 57 
0 0 0 0 0 0 0 0 0 0 0 0 0 0 0 0 0 0 0 0 0 -123 -85 41 85 73 91 77 -14 108 30 92 -19 61 -84 9 29 -31 -106 -6 41 -43 -82 76 -116 -40 25 -40 102 -68 -20 54 30 -120 -45 -128 76 72 -98 42 92 -31 50 54 
0 0 0 0 0 0 0 0 0 0 0 0 0 0 0 0 0 0 0 0 0 0 -8 2 73 11 -127 109 -40 96 -41 -69 36 -85 -27 89 -17 -18 -93 55 83 -116 55 56 -11 -104 54 115 -70 -113 -91 -89 121 125 -79 -105 -107 8 3 -125 -117 -110 41 112 
0 0 0 0 0 0 0 0 0 0 0 0 0 0 0 0 0 0 0 0 0 0 0 59 105 33 -93 4 79 -114 42 -67 31 69 13 -35 -97 -83 -71 63 -99 -9 50 -85 -44 35 70 -80 -76 -73 3 10 17 120 90 107 52 -50 120 81 -21 87 -119 81 
0 0 0 0 0 0 0 0 0 0 0 0 0 0 0 0 0 0 0 0 0 0 0 0 86 89 4 -105 -53 -86 48 -104 55 -82 34 -90 -86 109 -26 41 -83 115 -19 44 51 -27 90 123 -26 104 -95 -89 -93 -19 -19 127 -96 -65 29 -108 92 94 -119 -48 
0 0 0 0 0 0 0 0 0 0 0 0 0 0 0 0 0 0 0 0 0 0 0 0 0 66 -113 34 65 -30 -108 95 -70 4 -92 -109 126 -30 -67 77 103 -86 74 -69 6 4 118 104 4 30 -1 2 -46 -108 5 50 62 12 -106 -126 -38 -31 -99 39 
0 0 0 0 0 0 0 0 0 0 0 0 0 0 0 0 0 0 0 0 0 0 0 0 0 0 73 -89 81 91 -33 -58 18 -69 -72 -80 48 -81 -97 -20 -11 121 114 82 56 6 -42 -97 -67 -9 27 -78 -87 -16 -13 73 -6 -65 -10 59 -88 -123 -2 -41 
0 0 0 0 0 0 0 0 0 0 0 0 0 0 0 0 0 0 0 0 0 0 0 0 0 0 0 119 56 -108 45 77 -75 30 -37 -81 -111 -79 8 15 -26 24 -65 22 91 13 -1 72 -62 5 83 14 125 8 58 49 91 -30 -86 -112 18 1 -17 -107 
0 0 0 0 0 0 0 0 0 0 0 0 0 0 0 0 0 0 0 0 0 0 0 0 0 0 0 0 86 -4 82 4 107 -98 104 -50 -106 -4 -24 2 -126 -82 28 37 66 4 126 95 85 35 -37 60 127 -26 -120 5 102 -26 121 102 54 19 -36 -118 
0 0 0 0 0 0 0 0 0 0 0 0 0 0 0 0 0 0 0 0 0 0 0 0 0 0 0 0 0 36 -90 85 91 -18 -31 -123 -93 121 116 -45 51 -7 -113 -33 -102 -60 32 -62 -117 16 58 -60 -77 -15 75 -86 -13 75 -85 -122 58 103 44 -114 
0 0 0 0 0 0 0 0 0 0 0 0 0 0 0 0 0 0 0 0 0 0 0 0 0 0 0 0 0 0 97 -113 -100 -80 90 -118 61 16 -35 9 73 -58 7 69 7 -57 117 62 93 75 -49 32 -101 -123 -106 36 -120 22 83 -4 12 -5 -19 66 
0 0 0 0 0 0 0 0 0 0 0 0 0 0 0 0 0 0 0 0 0 0 0 0 0 0 0 0 0 0 0 -97 69 -92 10 13 -70 46 106 -65 48 110 109 122 -88 -63 -114 1 22 101 127 55 -47 35 -94 -100 45 -28 92 95 81 70 -119 -76 
